198487  687008001  600 
198487  956812464  865 
198487  1025610754  937 
198212  289104540  405 
198230  251491957  226 
198269  241503776  152 
198271  120447370  91 
191830  251779491  180 
193621  404859178  438 
191226  420476778  307 
191718  62132883  63 
196364  525795997  547 
196364  1007913240  1092 
196364  1023496635  1109 
196438  58918876  68 
196438  220761568  263 
196452  1154230987  865 
196452  1181797224  890 
196531  610862376  429 
196453  120323068  125 
196453  202721035  215 
196453  290296476  313 
196453  1147270294  1297 
196531  223767489  178 
196531  262378463  200 
196531  311434313  230 
196531  608454167  427 
194225  119190300  103 
194151  473343121  510 
194199  330425271  348 
194224  218107387  135 
194224  450347083  298 
194305  24321221  17 
194305  27238762  19 
194464  37128262  24 
194315  315481129  244 
194315  523554051  433 
196197  311911965  214 
196197  312112696  215 
194424  229990891  178 
194428  94007240  87 
194479  396015539  339 
194108  46822794  103 
194429  126223139  130 
194429  687993986  778 
194439  26211481  51 
195163  177745008  148 
194455  459378360  294 
196334  306718478  207 
194479  505130701  445 
194479  597776378  541 
194480  209408351  238 
194480  177846838  201 
194912  1957885539  1532 
194533  172153036  134 
194619  55978193  34 
194644  53284055  49 
194644  395048562  393 
194691  231940958  174 
194704  60688040  64 
194704  307338839  344 
195014  57149492  45 
194735  56050788  69 
194778  78386341  90 
194778  201564951  161 
194789  114293321  82 
194825  86243797  108 
194897  76645654  42 
194897  72176182  39 
195647  2584428  2 
194199  154030301  194 
195013  341053221  239 
195013  351375687  245 
195948  221725712  119 
195014  15766872  13 
195016  458048480  416 
195016  348958105  309 
195016  377919061  337 
195099  100097143  97 
195304  85059497  59 
195113  85855567  64 
195109  140583338  143 
195109  184440805  166 
195109  254739431  206 
195113  8471573  7 
195147  168530617  214 
195147  274353396  275 
195655  20929695  17 
195147  656452818  528 
195163  119963705  118 
195163  205806275  164 
195655  164500094  137 
195164  35433676  24 
195164  22222023  15 
195774  1852653  2 
195251  346727171  200 
195303  57178730  127 
195303  265066116  241 
195303  308541103  267 
195303  451902645  356 
195303  497308549  386 
195304  17785732  13 
195868  191459850  112 
195304  246292371  179 
195304  321546390  240 
195304  348400297  263 
195304  1260819017  1206 
195378  141348491  140 
196197  127554048  113 
195378  323974777  260 
195378  465036325  367 
195378  580870470  459 
195552  179216753  104 
195378  958668752  810 
195378  725978214  584 
195552  92590716  53 
195378  813033162  664 
195378  849677885  700 
195378  891398751  741 
195378  1118029498  984 
195390  129184675  160 
195552  781010925  542 
195397  129611575  78 
195397  381760428  244 
194225  106147597  91 
195399  161606705  197 
195948  767766521  511 
195552  382239177  235 
195915  732208955  472 
195552  864974968  617 
195552  841813337  596 
195915  716089965  459 
195552  1429007958  1233 
195552  1784364868  1621 
195649  115798698  76 
196239  388035882  397 
195655  271048138  233 
195655  123978456  103 
194108  109846899  152 
195655  403205035  358 
195749  54279970  26 
195749  148222057  73 
195749  170163724  84 
195749  183746643  91 
196250  26772151  15 
195774  50260657  25 
195774  770096226  466 
195774  101102447  51 
195774  226856681  118 
195774  413887357  227 
196027  177573195  115 
195774  809116281  495 
195774  1010053023  656 
195774  1090274088  725 
195775  152369945  165 
195868  12056409  7 
196334  156976745  126 
195868  34459382  20 
195868  86200425  49 
195868  240941066  143 
195868  264229079  158 
195915  26726411  15 
195915  77528208  42 
195915  165698391  91 
195915  490935898  294 
195915  847188773  565 
195915  510946332  308 
195915  603005670  374 
196334  521325008  336 
195915  821822260  544 
195915  967333811  669 
194108  800522614  841 
196364  560183295  589 
195930  106903157  142 
196364  53201047  49 
195948  119387672  57 
195948  189602842  99 
195948  706790961  461 
195948  411782836  242 
195948  445104881  265 
196048  30682825  19 
195948  620267873  393 
195948  739125253  488 
195950  90735479  84 
195950  161425259  153 
195950  310145506  297 
195950  955814559  1041 
195950  548654247  566 
195950  1339543701  1485 
195950  1204090255  1320 
196019  53222461  64 
196027  36170990  23 
196027  76411779  49 
196452  1136968615  849 
196027  242819744  161 
196197  296861915  206 
196197  449206090  297 
196197  464328585  307 
196197  469733469  310 
196197  520644739  343 
196203  90467421  109 
196218  125247380  111 
196250  646872068  409 
196250  613427948  384 
196250  624642418  392 
196252  20846883  17 
196334  27513535  61 
196334  33665981  64 
196362  105133036  87 
196495  264730120  258 
201602  87913290  116 
201602  139226134  144 
201602  149204730  150 
201602  185208821  171 
201602  347563888  263 
201602  400114807  297 
201602  512917746  372 
201602  587143160  425 
201602  657693188  478 
201602  847487922  631 
201602  788135225  581 
201611  42324842  101 
201611  115712493  140 
201613  107603365  62 
201613  122637168  71 
201613  125414375  72 
201613  151393590  88 
201613  266221703  159 
201613  457568213  289 
201613  287175111  173 
201613  307750093  186 
201613  364462237  224 
201613  637717855  425 
201613  686737136  464 
201613  767664110  532 
201624  45721341  86 
201624  57888714  92 
201624  125810042  127 
201624  163996794  147 
201624  199106506  167 
201625  400517583  259 
201625  500752750  334 
201625  630806407  438 
201625  698996295  496 
201625  756353122  546 
201625  927397427  706 
201625  950070331  728 
201625  994068187  767 
201625  1053426486  818 
199319  1194524658  962 
199336  139207420  141 
199336  499124505  549 
199356  149019041  168 
199356  165131423  178 
199428  159215940  138 
199428  367795111  290 
199428  375154070  296 
199428  439535098  349 
199428  468874920  374 
199428  585013708  482 
199428  587266380  484 
199428  666293421  559 
199428  758704644  642 
199429  54421270  48 
199429  60647116  53 
199429  153313241  137 
199435  110417354  122 
199435  144901022  146 
199435  202760109  188 
199435  239269912  215 
199435  899041310  792 
199435  1116480159  1008 
199435  1204975184  1101 
199435  1587548193  1558 
199436  150854463  211 
199436  244457683  354 
199436  444852440  665 
199569  53281927  42 
199569  291278126  247 
199569  344461138  297 
199571  220937770  199 
199571  464776322  440 
199572  55895884  63 
199572  74873696  85 
199572  182261940  212 
199608  32925910  68 
198941  93056586  111 
198954  114892959  122 
198954  205672045  183 
199608  224444465  198 
199608  288654361  245 
199608  319721784  269 
199608  331434515  278 
199608  390344215  324 
199608  479028003  398 
199608  576981157  484 
199608  627997649  531 
199608  725272274  621 
199608  776798227  665 
199608  1024317762  894 
199608  1323740763  1206 
199608  1546871056  1468 
199608  1825667592  1840 
199699  66114859  48 
199699  84388386  61 
199699  148086596  110 
199699  172251187  129 
199699  222480235  172 
199699  274896015  217 
199699  412114956  343 
199699  781867786  680 
199699  801764795  700 
199703  79201306  86 
199703  93741112  102 
199703  150567550  166 
199703  237513358  267 
199703  287333423  328 
199751  32354359  111 
199752  202884916  161 
199754  334189433  306 
199754  357846017  330 
199754  452589223  428 
199754  452147371  428 
199754  678204059  683 
199754  690048153  697 
199754  697626131  707 
199754  723181383  738 
199754  815668538  856 
199754  877841914  939 
199804  120148855  134 
199008  99823495  108 
199008  319810321  258 
199804  320723604  281 
199804  425134661  366 
199804  516513210  445 
199812  77023413  102 
199812  345510332  293 
199812  434924151  364 
199812  518566570  435 
199812  585483829  494 
199812  837436319  723 
200042  60775343  70 
200042  162930495  191 
200042  208601272  247 
198955  238622982  196 
198955  389725726  335 
198955  692326771  599 
198955  1051476302  962 
198955  1102156609  1019 
198955  1185015628  1115 
198955  1249404740  1192 
198969  154731769  122 
198969  316938514  237 
198969  361667397  271 
198969  457984467  348 
198969  535353540  412 
198969  748413649  609 
198969  1121338830  955 
198969  1203034591  1035 
198969  1210791123  1043 
198969  1382539852  1223 
198969  1317166241  1153 
199409  28694306  29 
199409  75848372  60 
199409  92434271  71 
199409  158330676  116 
199409  295944397  218 
199409  382733445  287 
199409  401754434  303 
199409  769685380  642 
199409  750724493  626 
199409  873992569  735 
199409  1202985949  1066 
199833  4844392  4 
199833  45458886  35 
199833  173909991  138 
199833  377213233  317 
199833  627182084  542 
199833  1115078616  1030 
199833  1103419963  1017 
199862  134863889  128 
199864  308517027  224 
199864  391205796  292 
199864  436332485  330 
199864  496464229  383 
199864  534369274  419 
199867  123187034  119 
199875  78252041  92 
199875  408591652  318 
199875  335211153  261 
199875  370756080  287 
199876  120771387  99 
199876  154933244  128 
199876  197680540  165 
199876  213612630  179 
199876  272116600  233 
199876  307257301  266 
199876  317900562  276 
199876  318261639  276 
199877  116681692  104 
199021  149190367  140 
199877  281400015  260 
199960  71814059  99 
199960  87750050  109 
199960  472073529  386 
199960  497097669  406 
200041  61668135  90 
200041  124628752  129 
200041  194158273  174 
200041  201667440  179 
200041  276750166  230 
200041  281736801  234 
200041  452887748  361 
200041  684521271  557 
200041  925267477  772 
200041  1040519982  877 
200041  1060698901  896 
200075  159949704  164 
200075  243335606  221 
200075  394317803  332 
200075  443595860  371 
200075  572754414  478 
200075  601980445  504 
200091  96689782  119 
200091  143697707  149 
200091  247335530  217 
200091  639278359  523 
200091  796272021  668 
200091  817583299  689 
200091  1104993888  943 
200091  1130495083  968 
200091  1237356791  1074 
200091  1340095906  1179 
199021  431745621  350 
200091  1495264896  1350 
200091  1680765874  1573 
200152  54179994  92 
200188  97343362  71 
200188  261949875  197 
200188  174934312  129 
200188  265178440  200 
200190  23292851  18 
200190  54358226  41 
200190  430393678  353 
200190  780599012  696 
200190  849981712  770 
200190  922078143  851 
200229  112416447  110 
200229  124376437  120 
200229  151719258  143 
200229  191790439  177 
200229  366166568  335 
200229  466907985  433 
200229  506709485  474 
200229  538953774  507 
200244  6838427  4 
200244  84970556  52 
200244  162648245  103 
200244  352137242  237 
200244  371783531  252 
200244  469119764  328 
200244  539700405  386 
200244  624978171  460 
200244  647696620  480 
200244  709134760  537 
200244  764425699  590 
200245  82950947  71 
200245  221316133  196 
200368  42665497  95 
200368  69923477  120 
200369  90574375  77 
200369  204647263  178 
200369  654448923  631 
200381  75440595  42 
200381  109988778  62 
200381  167176181  96 
200381  307342327  183 
200466  136999865  210 
200473  818984136  760 
199021  1131016288  977 
199021  1258381706  1104 
200473  846756983  788 
200473  305796235  300 
200473  499719550  472 
200473  733727023  678 
200473  761814128  704 
200473  811063219  752 
200473  885526203  828 
200473  1074580577  1037 
200491  224450970  192 
200491  332738469  262 
200491  372614282  289 
200491  367466980  285 
200519  28526766  18 
200519  138709213  90 
200519  347543795  244 
200519  621363241  482 
200519  382120626  272 
200519  624008294  484 
200519  633212353  493 
200519  871044703  701 
200519  896139409  724 
200525  164407443  153 
200525  187868232  167 
200525  227578152  190 
200525  250748807  205 
200525  277468097  221 
200525  327323124  253 
200525  356561124  273 
200525  610028181  460 
200525  819149125  642 
200525  881134432  700 
200525  884542723  704 
200525  913659773  732 
200525  972289454  784 
200525  998876438  806 
200599  56747632  97 
200599  74010595  107 
200600  49835540  30 
200600  52271920  31 
200600  366108958  241 
200600  595830769  424 
199021  1560117052  1437 
199318  156829695  135 
199319  24660674  15 
199319  126589356  78 
200600  907015943  705 
200600  1060745226  840 
200600  1104952638  881 
200600  1110942633  886 
200600  1142566742  916 
200600  1190788717  962 
200600  1229538710  1000 
200600  1285724918  1057 
200990  142500267  140 
200990  47063551  84 
200991  54513614  35 
200991  83171805  53 
200991  106851047  69 
200991  184915857  122 
200991  283433832  195 
200991  304322272  211 
200991  311982093  217 
200991  363730837  257 
200991  439441216  318 
200991  525755932  392 
200991  529696719  396 
200991  625425165  482 
200991  780603196  619 
200991  901274325  724 
200991  954262328  772 
200992  188534164  213 
201062  57299768  94 
201062  173699108  155 
201097  149900755  146 
201097  237380178  197 
201097  409721289  308 
201097  544979239  405 
201097  638310990  475 
201115  4742690  4 
201115  24020056  14 
201159  91425699  108 
201159  107026307  115 
201159  190643996  159 
201159  253332421  195 
201164  113063700  71 
201164  136502093  86 
201164  170771283  108 
201164  188483677  120 
201164  279087842  181 
199319  427509177  288 
199319  485929358  334 
201164  335423911  222 
201164  354772064  236 
201168  119875049  108 
201168  214516298  198 
201168  543571757  489 
201168  685828398  630 
201173  99974984  113 
201173  130703370  149 
201173  288015128  342 
201173  359132062  436 
201173  456980568  571 
201196  177309275  209 
201196  152192907  179 
201196  371116587  459 
201196  477619789  607 
201196  433529756  545 
201196  505104050  647 
201229  46570819  26 
201278  147791590  132 
201278  147162455  132 
201278  148428232  133 
201278  158241259  138 
201278  425701372  305 
201278  920093025  705 
201278  1235648026  992 
201278  1256982398  1012 
201278  1318036646  1070 
201278  1374387078  1127 
201278  1482296454  1239 
201278  1602268738  1373 
201278  1695922287  1484 
201278  1787158261  1598 
201278  1874746038  1714 
201278  2016753048  1915 
201554  93269815  106 
199319  731258024  544 
199319  705131456  520 
199319  1049702327  830 
