191271 56 158
195841 74 90
195633 40 42
191276 1 16
191277 1 28
191277 30 164
191277 167 253
191277 255 457
191277 460 535
191277 537 576
191277 579 775
191277 778 811
191277 813 849
194897 1 6
194897 8 78
194897 80 107
191833 1 1
191833 3 103
191830 54 301
191830 304 393
191837 1 44
191837 47 53
191837 56 65
191834 1 30
191834 33 74
191834 77 299
191834 302 352
195552 1 21
195552 23 27
195552 30 147
195552 149 155
195552 158 182
195552 185 287
195552 290 349
195552 352 469
195552 472 815
195552 818 823
195552 825 883
195552 885 1152
195552 1154 1300
195552 1303 1391
195552 1394 1789
195925 1 12
195926 1 1
195926 3 19
195926 21 34
195115 1 7
195115 10 36
196495 114 180
196495 182 272
196200 1 68
194711 1 7
194711 9 619
194712 1 56
194712 61 418
194712 420 625
194712 627 759
194790 1 45
191367 1 276
196203 1 102
196203 107 135
195378 90 117
195378 120 127
195378 130 185
195378 187 204
195378 206 302
195378 305 542
195378 544 565
195378 567 645
195378 647 701
195378 703 734
195378 737 1120
195378 1122 1133
195937 1 28
195937 31 186
195937 188 400
193093 1 33
194050 53 113
194050 116 273
194050 275 355
194050 357 369
194050 372 391
194050 394 490
194050 492 814
194050 816 1435
194050 1437 1735
194050 1760 1888
195099 70 144
195099 147 186
195099 189 208
195099 211 224
195099 227 265
194117 1 38
194115 66 184
194115 186 338
194115 340 346
194115 348 493
194115 496 857
194052 1 99
194052 102 166
194051 1 12
194119 1 229
194119 232 261
194704 1 41
194704 44 545
194704 548 592
194702 1 138
194702 141 191
191062 1 1
191062 3 3
191062 5 214
191062 216 549
195930 1 77
195930 80 176
195930 179 526
195930 529 596
196334 59 111
196334 113 123
196334 126 132
196334 135 167
196334 170 193
196334 196 257
196334 259 267
196334 270 289
196334 292 348
196438 1 181
196438 184 699
196438 701 1269
193207 54 182
194912 53 70
194912 72 96
194912 98 444
194912 446 450
194912 453 467
194912 470 561
194912 564 660
194912 663 813
194912 815 840
194912 843 864
194912 866 1004
194912 1007 1025
194912 1027 1067
194912 1069 1137
194912 1140 1166
194912 1168 1249
194912 1251 1304
194912 1307 1444
194912 1447 1487
194912 1489 1503
194912 1506 1662
196249 63 77
196249 80 99
194199 92 227
194199 229 336
194199 339 402
196202 3 61
196202 64 108
194896 34 55
194896 58 79
194896 82 103
194210 3 195
194210 198 217
194210 220 359
194210 361 555
194464 1 127
194464 130 142
194464 145 210
196531 62 150
196531 152 253
196531 256 285
196531 288 302
196531 305 422
196531 425 440
194789 1 18
194789 21 32
194789 34 80
194789 82 166
194789 168 269
194789 272 405
194789 409 414
194789 417 427
194789 430 566
195109 98 241
195947 23 62
195947 64 88
194108 81 161
194108 164 264
194108 266 373
194108 376 396
194108 398 433
194108 436 452
194108 454 577
194108 579 590
194108 593 668
194108 671 875
195948 51 116
195948 119 144
195948 147 147
195948 150 352
195948 355 369
195948 372 402
195948 404 500
195948 503 540
195948 543 565
195948 567 602
195948 605 615
191695 1 1
195774 1 13
195774 16 151
195774 154 162
195774 164 256
195774 258 276
195774 279 362
195774 365 466
195774 469 618
195774 620 649
195774 651 830
194224 1 126
194224 129 206
194224 208 250
194224 253 309
194224 312 386
194224 389 412
194225 1 23
194225 26 47
194225 49 85
194225 88 156
194225 177 178
195929 1 29
196252 1 38
191056 1 1
191056 4 9
191056 16 17
191056 19 19
191057 1 1
191057 4 65
194027 53 115
194778 60 118
194778 120 219
191810 15 15
191810 22 49
191810 52 92
193124 1 52
195923 1 14
194479 1 44
194479 165 232
194479 235 262
194479 265 374
194479 377 431
194479 434 489
194479 492 529
194479 531 566
193123 1 27
196250 1 2
196250 5 265
196250 267 426
196250 430 430
196218 55 199
196218 201 224
196218 226 393
196218 396 494
196218 496 737
196218 739 741
196218 744 752
196218 754 757
196218 759 820
193575 48 173
193575 176 349
193575 351 394
193575 397 415
193575 417 658
193575 660 752
195114 1 69
195114 72 103
191264 59 79
191264 82 152
191264 155 189
195113 1 209
195113 212 388
195113 391 403
195113 406 419
195113 422 492
195113 495 579
195112 1 12
195112 15 26
195950 1 71
195950 73 138
195950 141 169
195950 172 332
195950 335 350
195950 353 382
195950 385 421
195950 424 450
195950 453 483
195950 485 616
195950 619 715
195950 718 787
195950 789 800
195950 803 829
195950 831 831
195950 833 1587
195647 1 41
190738 1 130
190738 133 226
190738 229 355
196019 54 68
191046 1 21
191046 24 82
191046 84 88
191046 92 116
191046 119 180
191046 183 183
191046 185 239
191043 45 47
196048 1 44
196048 46 48
196048 51 52
195656 1 362
194533 46 379
194533 382 415
194533 417 618
194533 620 872
196453 1 74
196453 77 145
196453 147 669
196453 673 714
196453 717 799
196453 802 988
196453 991 1178
196453 1180 1180
196453 1182 1248
196453 1250 1528
196453 1531 1647
196452 82 112
196452 114 490
196452 493 586
196452 589 618
196452 622 668
196452 671 716
196452 718 726
196452 728 956
196452 958 1004
196452 1007 1091
196357 1 4
195658 1 37
195658 40 362
195658 364 382
195658 384 386
196027 1 55
196027 58 119
196027 121 155
196027 158 190
193541 77 101
193541 103 413
193541 416 575
193541 578 619
193834 1 35
193835 1 20
193835 22 26
193836 1 2
191720 1 1
191720 3 15
191720 17 181
191721 1 1
191721 3 34
191721 36 183
191721 186 189
191726 1 13
194120 1 162
194120 165 406
195963 54 61
196364 1 93
196364 96 136
196364 139 365
196364 368 380
196364 382 601
196364 603 795
196364 798 884
196364 887 1196
196364 1199 1200
196364 1203 1302
194455 45 64
194455 67 140
194455 142 255
194455 293 303
190645 10 110
193999 1 50
193998 66 113
193998 115 278
196239 1 59
196239 62 154
196239 157 272
196239 274 373
196239 375 432
196239 435 465
196239 468 497
196239 503 647
196239 650 706
196239 709 1025
196509 1 80
195530 1 80
195530 82 104
195530 107 156
195530 159 300
195530 302 405
196359 1 2
196349 65 84
196349 86 154
196349 157 244
196349 246 258
195398 3 137
195398 139 494
195398 497 585
195398 587 817
195398 820 824
195398 827 1225
195398 1228 1307
195398 1309 1712
195398 1721 1736
195398 1741 1752
195398 1767 1795
195916 1 16
195916 19 68
195916 71 212
194619 31 110
195649 1 69
195649 72 151
195649 154 181
195649 183 247
191201 38 49
191201 52 79
191202 1 64
191202 66 68
191202 87 105
191202 108 118
194691 61 104
194691 107 155
194691 158 251
194691 254 268
194691 271 272
194691 275 289
194691 292 313
193557 1 84
193556 41 83
194699 1 30
194699 32 52
194699 55 64
194699 67 71
194699 73 154
194699 157 215
194699 218 238
194699 241 259
194914 1 38
194915 1 74
195749 1 8
195749 10 33
195749 36 131
195970 44 49
195970 51 85
194314 52 130
194314 133 301
194315 1 10
194315 13 314
194315 317 428
194315 431 452
194315 455 467
194317 1 33
196046 12 40
196047 1 64
196047 70 75
194424 63 141
194424 144 195
194424 198 266
194424 268 421
194424 424 478
194424 481 531
194424 534 553
194424 556 708
194428 1 85
194428 87 122
194428 125 294
194428 296 465
194429 1 4
194429 7 54
194429 57 147
194429 150 411
194429 413 742
194429 745 986
194429 988 1023
195919 1 15
194153 1 119
194150 42 127
194150 129 261
194150 264 311
194151 47 72
194151 75 191
194151 193 238
194151 240 619
194151 621 624
194151 627 627
195304 1 3
195304 6 22
195304 27 80
195304 83 100
195304 103 154
195304 157 341
195304 344 588
195304 590 727
195304 729 1003
195304 1006 1079
195304 1083 1140
195304 1143 1229
196363 1 8
196363 11 34
195303 109 191
195303 194 277
195303 280 310
195303 312 316
195303 318 409
193116 1 445
193116 448 476
193116 479 676
195775 1 57
195775 60 100
195775 103 170
193112 24 219
195540 121 123
195540 126 137
195540 140 283
195540 286 323
195776 1 63
195776 66 283
195776 286 337
195776 340 399
195776 401 409
195776 411 477
194825 72 117
194825 120 221
195147 132 282
195147 285 294
195147 297 331
195147 334 363
195147 366 442
195147 445 536
195147 539 562
190705 1 5
190705 7 76
190705 78 336
190705 338 350
190705 353 384
190704 1 3
195868 1 88
195868 90 107
195868 110 205
194223 9 51
194223 61 112
194303 56 66
194303 69 102
196362 1 88
195399 1 192
195399 194 382
195399 384 394
195251 1 131
195251 134 137
195251 140 152
195251 154 165
195251 167 249
194305 1 86
194304 1 43
194304 46 46
194439 46 77
194439 79 106
195390 1 1
195390 4 27
195390 30 145
195390 147 183
195390 186 187
195390 190 208
195390 210 213
195390 215 410
195397 1 10
195397 12 89
195397 92 120
195397 123 141
195397 143 251
195397 253 253
195397 256 475
195397 478 525
195397 527 608
195397 611 776
195397 779 970
195397 972 1121
195397 1123 1181
195397 1184 1198
195397 1200 1209
193336 1 264
193336 267 492
193336 495 684
193336 687 729
193336 732 951
193334 29 172
191859 1 28
191859 31 126
194735 44 71
194735 74 101
194735 104 130
194735 133 136
195551 91 106
195655 1 129
195655 131 184
195655 186 260
195655 263 350
195655 353 446
195655 448 483
195655 485 498
191856 1 133
195396 49 55
195396 58 63
195396 66 131
195013 94 144
195013 146 185
195013 187 206
195013 208 299
195013 302 324
195013 326 366
195013 369 447
195013 450 526
195013 528 541
195014 1 6
195014 9 119
195014 121 148
195015 1 13
195016 1 21
195016 23 55
195016 58 63
195016 65 174
195016 177 184
195016 186 241
195016 243 246
195016 248 367
195016 370 422
195016 425 569
196197 58 122
196197 125 179
196197 181 311
196197 313 516
196197 519 562
196199 1 33
196199 36 83
196199 86 118
196199 121 147
196199 150 237
196199 239 285
196199 287 534
191226 77 78
191226 81 831
191226 833 1454
191226 1456 1466
191226 1469 1507
191226 1510 1686
191718 43 95
191718 98 207
194075 48 101
194075 103 111
191248 1 103
194076 1 9
194076 11 55
194076 58 163
194076 165 228
194076 230 264
194076 267 507
194076 509 527
194076 530 538
194076 541 562
194076 565 748
191247 1 153
191247 156 280
191247 283 606
191247 608 620
191247 622 818
191247 821 834
191247 837 1031
191247 1034 1046
191247 1049 1140
191247 1143 1187
191247 1190 1214
191247 1217 1224
194643 1 287
195757 1 82
195757 85 115
195757 118 161
195757 163 206
195918 1 46
195918 49 64
194644 1 168
194644 171 181
194644 184 185
194644 187 319
194644 321 424
195915 1 109
195915 111 275
195915 278 390
195915 393 417
195915 419 429
195915 432 505
195915 507 747
195915 749 785
195915 787 828
195915 830 850
191411 1 23
195917 1 4
195758 1 18
195164 1 64
195165 1 4
195165 7 41
195165 44 54
195165 56 153
195165 156 260
195165 263 277
194480 1 8
194480 17 32
194480 34 205
194480 207 375
194480 377 387
194480 389 759
194480 762 956
194480 959 1402
195163 72 138
195163 140 224
195163 227 240
195163 243 243
195163 246 347
194270 56 73
193621 60 570
193621 573 769
193621 772 976
193621 979 1053
193621 1056 1137
193621 1139 1193
193621 1195 1371
193621 1373 1654
191090 1 331

