163796 1 182
163795 10 34
163795 36 36
163795 38 43
163659 1 374
163659 376 650
163659 652 705
163658 1 3
163657 1 140
162762 1 102
163655 15 23
163252 60 137
161107 2 29
161106 2 26
161103 2 100
163371 1 107
163371 148 356
163763 1 79
163761 1 203
163760 1 162
163760 165 340
163765 1 321
160955 1 130
160955 133 138
160955 140 151
160955 153 154
160955 156 172
160955 175 201
160955 204 206
160957 1 953
160956 2 65
163482 1 27
163482 48 48
163483 1 57
163480 1 92
163480 96 188
163480 190 191
163481 1 72
163481 74 77
163481 79 79
162828 1 85
162822 73 307
162826 1 24
162825 1 184
162909 54 290
160578 6 53
160578 274 400
163385 52 240
163385 244 405
163387 1 256
160577 254 306
160873 1 147
163301 1 192
163300 1 616
163302 1 190
163630 76 164
163630 176 185
163334 1 35
163334 37 37
163334 156 556
163337 1 18
163337 27 201
163337 203 426
163337 434 461
163332 43 118
163332 224 264
163332 266 599
163332 601 639
163332 641 801
163333 1 106
163869 79 123
161217 37 753
163338 1 164
163339 1 172
163235 1 461
163234 1 66
163237 1 213
163233 1 283
163232 110 149
160874 1 51
160874 97 113
160872 1 9
160872 25 35
160872 38 55
163238 9 15
160871 68 208
160998 2 252
163289 1 388
163255 1 359
163255 412 844
163255 846 846
163255 848 977
161222 1 97
161223 1 375
161156 1 14
163286 112 401
163738 34 311
163297 1 219
163296 59 230
163296 232 585
161233 33 33
163046 1 133
163046 135 238
163358 39 63
163664 1 119
163664 121 178
163662 1 154
163663 1 106
163663 109 246
163660 1 74
163661 1 17
163668 1 53
163668 57 136
163668 140 213
161176 1 31
161008 2 77
163757 1 40
163758 1 17
163758 19 220
163758 222 224
163758 236 276
163758 283 374
163758 376 466
163758 468 591
163759 1 60
163759 62 72
163759 74 456
163759 458 461
163759 463 482
163759 504 510
163817 50 140
163817 154 205
163817 216 295
163817 305 346
163817 358 457
163817 561 603
163817 618 966
160431 19 218
163340 1 488
163261 1 3
163261 10 126
163596 1 29
162811 1 340
163078 1 23
161016 2 300
163587 1 52
163586 1 75
160939 1 123
163584 1 56
163583 1 10
163583 12 63
163583 65 92
163583 96 155
163583 157 173
163583 175 205
163582 1 22
161310 39 116
161311 1 554
161311 559 649
161312 1 826
161312 835 1027
163589 1 49
163589 51 160
163588 1 8
163588 10 446
163370 1 147
163069 73 452
163069 468 633
163372 1 52
163374 1 599
163374 603 863
163375 1 10
163376 1 20
163376 22 246
163378 1 81
163378 89 179
163378 181 272
163378 306 615
163270 1 76
163270 79 96
163270 99 475
163270 479 527
163270 529 685
163270 695 928
162803 60 139
163402 37 250
163402 271 560
163402 581 582
163402 586 801
163475 30 295
162808 1 51
163585 1 32
161116 2 11
161117 2 24
161113 2 24
163071 1 161
161119 1 1
161119 7 58
161119 69 108
161119 115 141
161119 145 173
161119 179 210
162765 1 40
163476 1 94
163476 98 212
163369 1 94
163479 1 175
163478 1 70
160942 1 12
160943 1 54
160940 1 79

