163796 1 182
163795 10 34
163795 36 36
163795 38 43
166890 1 441
163659 1 374
163659 376 650
163659 652 705
163658 1 3
163657 1 140
162762 1 102
163655 15 23
167676 1 278
167676 289 450
166530 43 63
165415 58 85
165415 88 640
165415 643 707
165415 712 777
165415 780 1356
165415 1360 1383
166946 41 72
166946 75 201
167675 1 129
167675 133 299
167675 301 617
167675 690 707
167675 710 712
167675 715 716
167675 719 719
167675 721 725
167675 740 741
167675 748 758
167675 762 770
167675 774 787
167675 793 797
167675 811 1062
165558 1 62
166554 46 218
166554 224 287
166554 290 317
166554 320 595
166554 597 730
166554 732 734
166554 736 736
163252 60 137
161107 2 29
161106 2 26
165567 54 109
165567 114 309
165567 315 631
161103 2 100
163371 1 107
163371 148 363
163763 1 79
163761 1 203
163760 1 162
163760 165 340
167151 1 42
163765 1 321
167043 1 125
167043 130 235
165364 45 111
165364 114 147
165364 160 807
165364 809 1220
165364 1260 1301
165208 1 101
166033 35 53
166033 59 330
166033 336 355
166033 360 444
166033 450 606
166033 613 707
166033 713 1233
166011 1 81
166011 83 83
160955 1 130
160955 133 138
160955 140 151
160955 153 154
160955 156 172
160955 175 201
160955 204 206
160957 1 953
160956 2 65
163482 1 27
163482 48 48
163483 1 57
163480 1 92
163480 96 188
163480 190 191
163481 1 72
163481 74 77
163481 79 79
162828 1 85
162822 73 307
162826 1 24
162825 1 184
162909 54 290
166894 1 190
160578 6 53
160578 274 400
163385 52 240
163385 244 406
163387 1 256
166408 67 283
166408 291 947
166408 953 1236
167078 40 174
160577 254 306
165617 26 52
165617 54 143
165617 145 288
166950 1 1
166950 8 31
166950 36 210
166950 216 877
166950 883 950
166950 956 1012
166950 1018 1321
166950 1327 1345
166950 1347 1438
166150 1 99
166150 101 116
160873 1 147
165514 72 244
165514 246 560
165514 562 567
167913 1 126
167913 128 432
163301 1 192
163300 1 616
166861 1 6
166861 8 13
163302 1 190
166486 54 75
166486 80 95
166486 97 174
167284 1 315
167284 320 346
167284 356 395
167284 399 474
167284 476 1157
167284 1160 1628
167284 1633 1644
166839 43 173
166839 178 297
166839 299 302
163630 76 164
163630 176 185
165103 1 440
165102 1 185
166438 32 85
166438 87 856
166438 858 866
165402 1 28
166922 1 39
166922 41 105
166922 110 340
166922 345 418
166922 423 747
166922 752 769
166922 773 773
166923 1 382
166923 389 470
166889 1 73
166889 79 228
166888 56 90
166888 93 154
166888 156 394
166888 398 470
167830 1 437
167830 442 587
167830 590 828
167830 834 1242
163334 1 35
163334 37 37
163334 156 556
165993 71 873
165993 879 1660
165993 1665 1697
163337 1 18
163337 27 201
163337 203 426
163337 434 461
163332 43 118
163332 224 264
163332 266 599
163332 601 639
163332 641 801
163333 1 106
163869 79 123
161217 37 753
163338 1 164
163339 1 172
166699 55 234
166699 240 415
166699 421 477
166699 483 677
166699 681 912
163235 1 461
163234 1 66
163237 1 213
165506 54 170
166034 1 109
166034 115 228
166034 234 307
163233 1 283
163232 110 149
160874 1 51
160874 97 113
160872 1 9
160872 25 35
160872 38 55
163238 9 15
160871 68 208
160998 2 252
167098 62 90
167098 92 162
167098 167 406
167098 448 461
166429 33 89
165205 80 248
167898 108 619
167898 621 995
167898 1001 1010
167898 1013 1053
167898 1057 1295
167898 1298 1762
163289 1 388
166860 1 21
163255 1 359
163255 412 844
163255 846 846
163255 848 977
166346 48 210
166346 212 215
165472 1 184
165472 186 882
161222 1 97
161223 1 375
161156 1 14
163286 112 401
163738 34 311
167281 18 140
167281 146 315
167281 317 593
167282 1 441
165620 14 19
166864 1 29
166864 31 77
166864 79 99
166864 102 119
166864 125 247
166864 249 307
166864 311 365
166864 367 374
166864 378 454
166864 478 537
166787 1 55
166787 60 127
166787 132 364
167746 56 384
163297 1 219
163296 59 230
163296 232 585
166514 1 455
166514 460 464
161233 33 49
166512 42 430
166512 432 487
166512 491 605
166512 611 1279
166512 1281 1818
166512 1821 1862
166512 1868 1868
166512 1870 1871
166512 1873 1874
165121 1 466
165120 82 97
166895 1 66
166895 72 597
166895 599 603
165633 56 62
165633 64 64
165633 66 317
165633 319 500
166149 1 2
166763 46 168
166763 174 650
167740 79 126
167740 132 168
167740 170 173
163046 1 133
163046 135 238
163358 39 63
167786 1 1
167786 11 75
167786 81 176
163664 1 119
163664 121 178
163662 1 154
163663 1 106
163663 109 246
163660 1 74
163661 1 17
163668 1 53
163668 57 136
163668 140 213
165088 107 266
161176 1 31
167041 1 336
167041 339 391
167041 396 462
167041 467 663
161008 1 77
167674 1 345
166565 1 147
166565 153 312
166565 316 467
166565 469 898
167039 20 92
167039 98 228
167103 1 94
163757 1 40
166967 1 220
163758 1 17
163758 19 220
163758 222 224
163758 236 276
163758 283 374
163758 376 466
163758 468 591
163759 1 60
163759 62 72
163759 74 456
163759 458 461
163759 463 482
163759 504 510
163817 50 140
163817 154 205
163817 216 295
163817 305 346
163817 358 457
163817 561 603
163817 618 966
160431 19 218
166049 53 86
166049 88 236
166049 242 674
165486 37 102
165487 1 151
163340 1 488
165099 1 105
165098 124 187
165098 190 193
165098 195 248
165098 250 254
165098 256 331
165098 333 367
165098 369 415
163261 1 3
163261 10 126
166502 43 78
166502 83 109
163596 1 29
162811 1 340
167102 1 42
167102 48 233
167102 235 317
167102 323 430
166911 58 76
166911 81 104
166966 1 238
165548 1 363
165548 365 381
165548 384 589
166960 1 137
166960 143 166
163078 1 23
161016 2 300
163587 1 52
163586 1 75
160939 1 123
163584 1 56
163583 1 63
163583 65 92
163583 96 155
163583 157 173
163583 175 219
163582 1 22
167551 56 190
167551 196 471
161310 39 116
161311 1 554
161311 559 649
161312 1 826
161312 835 1027
167784 51 67
163589 1 49
163589 51 160
163588 1 8
163588 10 446
163370 1 147
163069 73 452
163069 468 633
163372 1 52
163374 1 599
163374 603 863
163375 1 10
163376 1 20
163376 22 246
163378 1 81
163378 89 272
163378 306 615
163270 1 76
163270 79 96
163270 99 475
163270 479 527
163270 529 685
163270 695 928
166164 1 32
166164 34 40
166859 62 418
166859 421 421
166859 423 423
166163 1 12
166163 14 33
166161 38 120
166161 122 123
166161 126 126
165970 67 329
165970 331 335
162803 60 124
162803 135 139
163402 37 582
163402 586 801
163475 30 295
166380 1 367
166380 373 711
166380 715 1400
166380 1406 1809
162808 1 51
163585 1 32
166782 1 569
167807 60 159
167807 178 204
167807 210 482
167807 484 558
167807 560 872
167807 878 1441
167807 1444 1842
166781 41 111
166781 115 115
166781 117 233
166781 236 253
166781 255 382
166462 78 102
166462 108 317
166462 323 526
166784 1 114
166784 119 276
166784 281 365
161116 2 11
161117 2 24
166701 1 13
166701 16 319
166701 324 506
166701 513 551
166701 557 672
166701 681 705
166701 712 724
166701 731 757
166701 764 777
166701 783 792
165570 1 2
165570 5 83
165570 88 942
165570 944 946
161113 2 24
163071 1 161
166563 1 276
166563 492 748
166374 46 64
166374 66 188
167673 210 236
167673 239 305
167673 309 418
167673 423 447
161119 1 1
161119 7 58
161119 69 108
161119 115 141
161119 145 173
161119 179 210
166841 1 845
166841 851 876
166841 882 977
166841 984 984
166841 988 992
166841 998 1015
162765 1 40
167754 62 103
166842 1 170
163476 1 94
163476 98 212
163369 1 94
165467 39 708
163479 1 175
163478 1 70
160942 1 12
160943 1 54
160940 1 79

