198487  8989261  7 
198487  145315835  113 
198487  311635522  255 
198487  326004593  269 
198487  1025610754  937 
198487  1282341753  1230 
198522  121993634  134 
198212  138593135  247 
198212  289104540  405 
198212  292683787  409 
198230  324254631  300 
198271  120447370  91 
198271  130897025  99 
198271  213201155  165 
198271  573680936  490 
198272  332550593  366 
198485  61415950  91 
198485  70799858  97 
191277  116731718  116 
194224  144238901  87 
194315  234018896  176 
195304  793159989  649 
195013  210199228  166 
194480  759508413  845 
194912  1957885539  1532 
194712  84621135  114 
196349  254748339  180 
201602  12966823  77 
201602  31257144  87 
201602  55004879  99 
201602  86417697  115 
201602  100833795  123 
201602  107850402  127 
201602  176242335  166 
201602  205636930  182 
201602  287878902  228 
201602  343500217  261 
201602  347563888  263 
201602  353774189  267 
201602  370220760  277 
201602  400114807  297 
201602  423343494  312 
201602  476863672  347 
201602  512917746  372 
201602  522834277  378 
201602  587143160  425 
201602  677274812  493 
201602  788135225  581 
201611  42324842  101 
201611  46417651  103 
201611  101615436  133 
201611  115712493  140 
201611  162386921  164 
201613  26107274  15 
201613  113069044  65 
201613  122637168  71 
201613  125414375  72 
201613  252199426  150 
201613  261811516  156 
201613  271122674  162 
201613  307750093  186 
201613  364462237  224 
201613  361914878  222 
201613  435513950  273 
201613  486987050  310 
201613  558897449  364 
201613  589481276  387 
201613  641736099  428 
201613  703740905  478 
201613  893136510  643 
201613  767664110  532 
201624  45721341  86 
201624  69338894  98 
201624  102050196  115 
201624  237275013  187 
201624  125810042  127 
201624  148782844  139 
201624  156162730  143 
201624  207118144  171 
201624  325153262  233 
201625  353939047  226 
201625  354917458  226 
201625  400517583  259 
201625  429795710  281 
201625  500752750  334 
201625  449056202  295 
201625  558068209  378 
201625  568341531  386 
201625  630806407  438 
201625  637047864  443 
201625  698996295  496 
201625  704667427  501 
201625  749047788  540 
201625  879748280  660 
201625  882144097  663 
201625  907106081  687 
201625  950070331  728 
201625  1053426486  818 
201625  1186627430  937 
199319  1194524658  962 
199336  30445256  30 
199336  54432742  54 
199336  74320468  74 
199336  139207420  141 
199336  249039701  258 
199336  499124505  549 
199336  684723135  786 
199336  731371171  849 
199336  807740820  955 
199356  165131423  178 
199428  159215940  138 
199428  252085436  203 
199428  375154070  296 
199428  439535098  349 
199428  477909239  382 
199428  521137723  425 
199428  526663421  430 
199428  585013708  482 
199428  631686730  526 
199428  676679313  569 
199428  758704644  642 
199429  54421270  48 
199429  68526329  60 
199429  100766275  89 
199429  142945044  128 
199429  153313241  137 
199435  110417354  122 
199435  131532956  137 
199435  144901022  146 
199435  202760109  188 
199435  239269912  215 
199435  266174219  236 
199435  415982074  357 
199435  432663190  371 
199435  566248724  490 
199435  663023648  583 
199435  948058974  838 
199435  1116480159  1008 
199435  1151047562  1044 
199435  1204975184  1101 
199435  1336877418  1249 
199435  1353806501  1268 
199435  1430547376  1360 
199435  1542537557  1500 
199435  1587548193  1558 
199436  16063061  22 
199436  120543492  167 
199436  150854463  211 
199436  236969628  343 
199436  244457683  354 
199436  444852440  665 
199569  13095775  11 
199569  28717016  23 
199569  38427879  30 
199569  134673705  109 
199569  140255609  114 
199569  181418987  148 
199569  187564821  154 
199569  233264370  194 
199569  352400443  304 
199569  387509931  337 
199570  18339386  16 
199571  463597691  439 
199571  464776322  440 
199572  176880416  205 
199608  32925910  68 
198941  153019868  148 
198941  226186318  194 
198941  343655391  272 
198954  100650057  113 
198954  208071864  184 
199608  106732698  116 
199608  108206156  117 
199608  148087418  144 
199608  199174012  180 
199608  224444465  198 
199608  234220745  205 
199608  331434515  278 
199608  390344215  324 
199608  479028003  398 
199608  498354557  414 
199608  534773087  446 
199608  576981157  484 
199608  627997649  531 
199608  725272274  621 
199608  776798227  665 
199608  1024317762  894 
199608  1042852407  912 
199608  1117158176  986 
199608  1320575601  1203 
199608  1546871056  1468 
199608  1825667592  1840 
199608  1865464599  1898 
199698  122737597  123 
199699  148086596  110 
199699  310544785  249 
199699  172251187  129 
199699  222480235  172 
199699  274896015  217 
199699  432356606  362 
199699  477140771  404 
199699  499800693  423 
199699  533178085  451 
199699  574248750  487 
199699  640978550  546 
199699  783882339  682 
199699  787604103  686 
199699  837960267  736 
199703  93741112  102 
199703  150567550  166 
199751  32354359  111 
199752  316362889  259 
199752  338696242  279 
199754  25632229  24 
199754  42739930  38 
199754  81387890  71 
199754  103313664  90 
199754  110920304  97 
199754  334189433  306 
199754  384717353  357 
199754  456060150  432 
199754  452589223  428 
199754  501942861  481 
199754  697626131  707 
199754  723181383  738 
199754  884195338  948 
199804  40375984  82 
199804  118617828  133 
199804  123967827  137 
199804  164447200  165 
199008  319810321  258 
199804  168637064  168 
199804  183907789  179 
199804  228976565  211 
199804  320723604  281 
199804  479475638  412 
199804  587355602  509 
199812  94585914  114 
199812  111455203  124 
199812  122430561  132 
199812  152986310  152 
199812  230493697  207 
199812  234182745  209 
199812  350651485  297 
199812  345510332  293 
199812  429427607  360 
199812  434924151  364 
199812  465869184  390 
199812  546806406  459 
199812  582349114  491 
199812  591079144  499 
199812  626963224  532 
199812  665695222  569 
199812  837436319  723 
199812  876646417  758 
199812  908995990  787 
199812  900095728  779 
200042  49017116  56 
200042  60775343  70 
200042  162930495  191 
200042  208601272  247 
200042  214696973  255 
200042  281235693  340 
200042  289514929  351 
198955  119132031  95 
198955  166766672  135 
198955  167706554  135 
198955  238622982  196 
198955  389725726  335 
198955  429815574  370 
198955  433928309  373 
198955  763974838  666 
198955  1051476302  962 
198955  1185015628  1115 
198969  149113145  118 
198969  154731769  122 
198969  221609968  168 
198969  316938514  237 
198969  361667397  271 
198969  414947025  313 
198969  457984467  348 
198969  509823581  391 
198969  492390060  376 
198969  602542808  471 
198969  639211094  505 
198969  673841157  537 
198969  699086073  561 
198969  748413649  609 
198969  1121338830  955 
198969  1203034591  1035 
198969  1180989048  1013 
199008  433059910  342 
199008  599928229  478 
199008  699308764  570 
199011  15652934  16 
198969  1193915987  1026 
198969  1210791123  1043 
198969  1230761919  1063 
198969  1293762183  1128 
198969  1382539852  1223 
199409  28694306  29 
199409  31920353  31 
199409  75848372  60 
199409  104792968  79 
199409  112254246  84 
199409  158330676  116 
199409  261965035  192 
199409  295944397  218 
199409  476141307  367 
199409  619736203  498 
199409  750724493  626 
199409  873992569  735 
199409  1118601779  976 
199409  1190522275  1052 
199409  1247140411  1115 
199833  121356539  95 
199833  123565527  97 
199833  200570963  160 
199833  173909991  138 
199833  377213233  317 
199833  340646323  283 
199833  513791704  443 
199833  518595971  447 
199833  770522164  673 
199833  1115078616  1030 
199833  1103419963  1017 
199833  1181780479  1107 
199862  59312072  81 
199862  134863889  128 
199864  12234719  9 
199864  101682022  69 
199864  221838228  157 
199864  308517027  224 
199864  369034250  273 
199864  391205796  292 
199864  411353253  309 
199864  436332485  330 
199864  439116643  332 
199864  456465823  347 
199864  565997234  449 
199867  12132861  12 
199867  28384137  28 
199867  123187034  119 
199867  203453953  190 
199867  264488191  245 
199867  272118109  253 
199875  139080691  129 
199875  380008201  294 
199875  370756080  287 
199876  112779037  92 
199876  120771387  99 
199876  136868914  112 
199876  154933244  128 
199876  165816774  137 
199876  197680540  165 
199876  255445212  217 
199876  272116600  233 
199876  302117887  261 
199876  307257301  266 
199876  317900562  276 
199876  318261639  276 
199876  377181168  334 
199877  13077942  12 
199877  89866058  79 
199877  99165953  88 
199021  295299908  244 
199021  70316199  88 
199021  157843857  146 
199021  172217140  156 
199021  195389326  172 
199021  241249277  205 
199021  291752404  242 
199021  392196116  319 
199877  199896211  181 
199877  271439277  250 
199877  293082777  271 
199877  421850816  403 
199877  533171841  524 
199877  575591471  572 
199877  628086961  633 
199877  794684612  841 
199960  71814059  99 
199960  165501419  160 
199960  234908245  207 
199960  281701944  240 
199960  418874153  343 
199960  387946480  319 
199960  395510523  325 
199960  472073529  386 
199961  4240099  4 
199961  16428665  15 
199961  126434679  118 
199961  195970070  186 
199961  280183678  258 
200041  61668135  90 
200041  97904174  112 
200041  124628752  129 
200041  135683297  136 
200041  136795777  136 
200041  158161996  150 
200041  187830963  169 
200041  238869286  204 
200041  276750166  230 
200041  281736801  234 
200041  372814177  300 
200041  452887748  361 
200041  550630735  439 
200041  680952975  553 
200041  684521271  557 
200041  736498453  605 
200041  736892968  606 
200041  836463549  695 
200041  925267477  772 
200041  993447584  833 
200041  1040519982  877 
200041  1060698901  896 
200041  1079906132  914 
200041  1183235750  1015 
200041  1200843730  1033 
200075  97085766  124 
200075  159949704  164 
200075  205208001  195 
200075  182688124  179 
200075  194727089  188 
200075  307673062  267 
200075  317747067  275 
200075  354923307  302 
200075  394317803  332 
200075  457037316  382 
200075  572754414  478 
200075  707542293  599 
200091  122933957  136 
200091  96689782  119 
200091  221310094  200 
200091  296142045  251 
200091  399155346  327 
200091  403905899  331 
200091  458250833  373 
200091  507415329  412 
200091  544288125  442 
200091  629712454  515 
200091  796272021  668 
200091  804221084  676 
200091  834732411  705 
200091  1104993888  943 
200091  1130495083  968 
200091  1243298243  1080 
200091  1342373508  1182 
199021  470294127  381 
199021  480547708  389 
199021  702168911  585 
200091  1399909929  1244 
200091  1435933574  1283 
200091  1451035560  1300 
200091  1495264896  1350 
200091  1533208638  1394 
200091  1633112390  1514 
200091  1680765874  1573 
200152  54179994  92 
200152  80945933  107 
200188  55019935  41 
200188  97343362  71 
200188  123494895  90 
200188  261949875  197 
200188  174934312  129 
200188  265178440  200 
200188  308398282  235 
200188  398143019  310 
200188  443486238  349 
200190  15232330  12 
200190  23292851  18 
200190  54358226  41 
200190  140481987  107 
200190  216772556  168 
200190  176132491  135 
200190  185095298  142 
200190  405817163  331 
200190  430393678  353 
200190  560279969  473 
200190  575287034  487 
200190  874862138  798 
200190  875471067  798 
200190  922078143  851 
200229  89084343  91 
200229  112416447  110 
200229  191790439  177 
200229  232476321  212 
200229  494370756  461 
200229  529914611  498 
200229  620845996  595 
200243  105460612  113 
200243  119248570  121 
200243  127828755  126 
200243  133059164  129 
200244  6838427  4 
200244  50368837  30 
200244  84970556  52 
200244  126222282  79 
200244  315613008  210 
200244  647696620  480 
200244  747612390  574 
200244  764425699  590 
200245  82950947  71 
200245  155982391  136 
200245  215284807  191 
200245  307321009  279 
200245  353843283  325 
200368  60441855  111 
200369  155498424  134 
200369  173229959  149 
200369  204647263  178 
200369  579248239  549 
200369  654120317  630 
200369  693215914  674 
200381  19596821  12 
200381  49534137  28 
200381  75440595  42 
200381  109988778  62 
200381  178145625  102 
200381  273550744  161 
200381  274869194  162 
200381  222040021  129 
200381  242658875  141 
200381  282740309  167 
200466  60123696  135 
200466  93274110  168 
200473  58233340  117 
200473  698394039  645 
200473  758287658  701 
200473  177028465  200 
200473  189168179  209 
200473  818984136  760 
200473  239786918  248 
200473  245197213  252 
199021  1167261252  1012 
199021  1335210415  1185 
199021  1376567486  1229 
199021  1391599046  1246 
199021  1549596410  1425 
200473  854238533  796 
200473  794844119  736 
200473  881324587  823 
200473  325406633  316 
200473  499719550  472 
200473  725317613  670 
200473  761814128  704 
200473  811063219  752 
200473  823609579  765 
200473  896026318  839 
200491  90910382  111 
200491  174874837  161 
200491  215415354  186 
200491  233325211  197 
200491  307663004  245 
200491  326598639  258 
200491  367466980  285 
200491  542626141  411 
200515  84693225  135 
200515  45323406  113 
200515  67906997  125 
200515  123711749  157 
200519  63049136  41 
200519  96277626  62 
200519  183841801  121 
200519  210489298  140 
200519  230175945  154 
200519  621363241  482 
200519  382120626  272 
200519  434157239  315 
200519  436982579  317 
200519  578947716  442 
200519  624008294  484 
200519  630446411  491 
200519  633212353  493 
200519  773526441  616 
200519  782514787  623 
200519  860408280  692 
200525  66766106  99 
200525  98337421  116 
200525  164407443  153 
200525  204813631  177 
200525  209633340  180 
200525  214590488  183 
200525  227578152  190 
200525  250748807  205 
200525  356780439  273 
200525  356561124  273 
200525  376071561  286 
200525  423019648  318 
200525  476411811  357 
200525  480257496  360 
200525  483029496  362 
200525  605572128  456 
200525  610028181  460 
200525  652190013  494 
200525  733940696  564 
200525  756613429  585 
200525  819149125  642 
200525  884542723  704 
200525  977230946  788 
200525  972289454  784 
200525  1175023995  965 
200532  12230972  12 
200599  56747632  97 
200599  74010595  107 
200600  49835540  30 
200600  52271920  31 
200600  167358982  102 
200600  242959220  153 
200600  313049557  202 
200600  518968314  359 
200600  519024970  359 
200600  595830769  424 
199021  1560117052  1437 
199318  75996903  89 
199318  142142198  126 
199319  24660674  15 
200600  605799393  432 
200600  680742661  498 
200600  765495383  576 
200600  784074849  594 
200600  877574202  680 
200600  879883224  682 
200600  884235541  685 
200600  1034172805  816 
200600  1060745226  840 
200600  1104952638  881 
200600  1127548142  902 
200600  1133265957  907 
200600  1142566742  916 
200600  1285724918  1057 
200990  142500267  140 
200990  49224388  85 
200991  54513614  35 
200991  160898430  106 
200991  184915857  122 
200991  229409798  155 
200991  274866043  189 
200991  279977542  193 
200991  311982093  217 
200991  363730837  257 
200991  439441216  318 
200991  529696719  396 
200991  625425165  482 
200991  672885946  527 
200991  769969131  610 
200991  780603196  619 
200991  829652057  661 
200991  835033665  666 
200991  914278141  735 
200991  954262328  772 
200991  996205977  811 
200991  1074116032  885 
200992  149536955  167 
200992  174898255  197 
200992  401850402  481 
200992  446278950  541 
201062  49579049  90 
201062  68361055  99 
201062  67896394  99 
201062  89017904  110 
201062  123014741  128 
201062  255139807  202 
201097  233011248  194 
201097  437448257  327 
201097  299891657  236 
201097  359553243  275 
201097  424894073  319 
201097  425020677  319 
201097  544979239  405 
201097  618675291  460 
201097  638310990  475 
201114  5745440  3 
201115  10020050  6 
201115  56708820  31 
201115  95469631  52 
201115  113523060  63 
201115  103815975  57 
201159  15342174  70 
201159  45097616  84 
201159  55218922  89 
201159  81762785  103 
201159  88218480  106 
201159  107026307  115 
201159  113819072  119 
201159  190643996  159 
201159  206946645  168 
201159  250083573  193 
201159  253332421  195 
201164  16629109  10 
201164  113063700  71 
201164  115174020  72 
201164  136502093  86 
201164  149149874  94 
201164  170771283  108 
201164  188483677  120 
201164  269126606  174 
201164  279087842  181 
201164  279837659  182 
199319  401829611  269 
199319  434535438  294 
199319  485929358  334 
199319  557682956  393 
201164  335423911  222 
201164  354772064  236 
201164  389002842  261 
201164  433623614  295 
201164  484367159  335 
201168  119875049  108 
201168  139168037  126 
201168  214516298  198 
201168  250995521  228 
201168  702130831  647 
201168  543571757  489 
201168  671080514  615 
201168  677313347  621 
201168  685828398  630 
201168  687982023  632 
201173  45259124  51 
201173  78397723  88 
201173  99974984  113 
201173  288015128  342 
201173  401553212  494 
201173  413794183  511 
201173  452845778  566 
201174  50384634  75 
201174  61257090  91 
201174  141126187  213 
201174  210836456  325 
201196  89516773  103 
201196  144717999  170 
201196  177309275  209 
201196  152192907  179 
201196  433529756  545 
201196  505104050  647 
201196  583954804  763 
201197  319197  1 
201202  294308957  320 
201229  66940509  37 
201229  46570819  26 
201229  60265034  33 
201229  62678733  35 
201229  86040432  48 
201278  67256959  85 
201278  111401940  111 
201278  120750317  117 
201278  124068184  119 
201278  147791590  132 
201278  148575781  133 
201278  158241259  138 
201278  243908116  188 
201278  282133019  212 
201278  287228348  215 
201278  425701372  305 
201278  415240107  298 
201278  629001480  454 
201278  717585308  526 
201278  672500961  489 
201278  729975968  536 
201278  829570134  622 
201278  891131627  678 
201278  920093025  705 
201278  932333327  716 
201278  957295723  740 
201278  1035012562  812 
201278  1047067601  822 
201278  1154361090  916 
201278  1235648026  992 
201278  1318036646  1070 
201278  1384401133  1137 
201278  1495084334  1253 
201278  1558511604  1323 
201278  1602268738  1373 
201278  1607609119  1379 
201278  1641284296  1419 
201278  1682795574  1468 
201278  1695922287  1484 
201278  1771865070  1579 
201278  1787158261  1598 
201278  1788297137  1600 
201278  1817675392  1638 
201278  1838012452  1665 
201278  1874746038  1714 
201278  1875500052  1715 
201278  1884154206  1726 
201278  2064327935  1986 
201278  2152030429  2124 
201554  59230254  89 
201554  97488217  109 
201554  122783579  122 
199319  674401172  493 
199319  731258024  544 
199319  705131456  520 
199319  753132489  564 
199319  819184318  626 
199319  1039506177  821 
204555  113615253  170 
206446  1441771759  1122 
206466  414047205  229 
206466  663036041  395 
206476  217686366  173 
206478  94597373  69 
206484  131314726  128 
206484  532848039  371 
206484  587036895  408 
206484  734819060  514 
206512  1005836143  802 
206512  1062104708  857 
206512  757301925  578 
206512  985303541  782 
206513  189160193  199 
206542  1050684544  741 
206542  415328402  239 
206542  477715519  280 
206595  222484816  155 
206595  236082659  166 
206596  181854727  156 
206596  531137581  476 
206598  540370185  691 
206744  302381318  213 
206745  181041939  158 
206745  283683181  254 
206745  337213020  306 
206745  387252657  355 
206866  177493764  168 
206869  510848911  537 
206897  120853131  72 
206901  23017615  14 
206901  54671965  34 
207231  1523600102  1158 
207231  562403331  365 
207269  204157822  172 
207269  246160996  198 
207269  438434145  324 
207273  754455573  692 
207273  817791831  758 
207279  1171153990  896 
207279  1225197287  942 
207279  949002567  689 
207371  78066455  88 
207372  36593586  22 
207372  630812325  449 
207397  299673912  176 
207398  25933871  16 
207454  1258823391  922 
207454  1411622969  1060 
207454  1594291454  1226 
207454  1663825555  1293 
207454  2066934325  1728 
207454  473164995  307 
207454  542147936  351 
207477  695386534  439 
207487  442246110  267 
207488  17472098  13 
207488  232114869  183 
207488  49806923  38 
207515  1297878820  903 
207515  1348255764  950 
207515  1552353285  1138 
207515  665129413  420 
207905  1018957546  738 
207905  1193755932  901 
207905  1223962941  931 
207905  1407691174  1092 
207905  1599211245  1277 
207905  1743859301  1427 
207905  1996370621  1720 
207905  961261202  688 
207920  1136746784  818 
207924  266835611  277 
208353  186175723  149 
208357  422901155  409 
208391  231871857  154 
208391  324138235  221 
208427  144945315  103 
208427  156222838  109 
208427  317015170  200 
208427  349252363  219 
208427  768199027  508 
208429  405077869  378 
208487  197568202  111 
208487  198127879  112 
208487  634728813  404 
208487  732259064  481 
208487  84019011  49 
208540  93744778  53 
208541  313168985  216 
208551  256063600  176 
208551  520955436  315 
208551  588504398  358 
208551  635624138  390 
208551  716238663  445 
208551  723184230  450 
208551  724814018  451 
208686  276572223  195 
208686  497876838  323 
208686  502825765  326 
